//The values of n are 5, 7, 11, 17, 23, 29, 37, 47, 59, 71, 83, 97, 113, 131, 149, 167, 191, 223, 257, 293, 331, 373, 419, 467, 521.


My current solutions

5
res7: String = (1,1),(2,2),(4,5),(3,3),(5,4)
res8: Double = 1.5

res9: String = (1,2),(2,4),(4,5),(5,3),(3,1)
res10: Double = 9.0



7
res7: String = (1,1),(5,6),(3,5),(6,7),(4,4),(2,2),(7,3)
res8: Double = 4.5

res9: String = (1,2),(2,5),(4,4),(3,6),(6,7),(7,3),(5,1)
res10: Double = 22.0


11 (incomplete)
{"size": 11,
 "tick": 1487410294005,
 "level": 9,
 "state": "(0,0),(0,0),(2,6),(2,3),(3,6),(5,5),(3,3),(2,3),(2,0),(0,0),(0,0)",
 "currentPath": "(1,1),(2,2),(5,9),(6,6),(8,11),(11,10),(9,7),(7,8),(10,3)",
 "minArea": 6.0,
 "minSolution": "(1,1),(2,2),(5,7),(3,3),(8,11),(4,4),(10,9),(6,6),(11,10),(7,5),(9,8)",
 "maxArea": 62.0,
 "maxSolution": "(1,1),(2,2),(3,9),(6,7),(8,4),(7,6),(9,5),(5,8),(4,11),(10,10),(11,3)"
}

17 (incomplete)
new min: (1,1),(2,2),(3,4),(4,3),(5,6),(6,10),(7,5),(8,11),(9,7),(13,12),(15,15),(12,13),(16,16),(11,14),(17,17),(10,8),(14,9)
new max: (1,1),(2,2),(3,4),(4,3),(5,6),(6,10),(7,5),(8,11),(9,8),(10,16),(13,12),(15,9),(12,14),(14,13),(11,15),(16,17),(17,7)